
   CUR_AVG    CUR_SUM    DON_DAY  DON_MONTH   DON_YEAR
---------- ---------- ---------- ---------- ----------
     617.1      617.1          8          2       2018
       683        683          9          2       2018
    650.05     1300.1                     2       2018
     680.1      680.1          9          4       2018
     680.1      680.1                     4       2018
    732.75       2931         10          7       2018
    732.75       2931                     7       2018
     470.8      470.8          8          8       2018
     587.6      587.6         11          8       2018
     529.2     1058.4                     8       2018
     916.3      916.3          8         12       2018

   CUR_AVG    CUR_SUM    DON_DAY  DON_MONTH   DON_YEAR
---------- ---------- ---------- ---------- ----------
     902.9      902.9          9         12       2018
     352.1      352.1         12         12       2018
    723.77     2171.3                    12       2018
    668.07     2004.2          8                  2018
    755.33       2266          9                  2018
    732.75       2931         10                  2018
     587.6      587.6         11                  2018
     352.1      352.1         12                  2018
    678.41     8140.9                             2018
     917.5      917.5          6          1       2019
     917.5      917.5                     1       2019

   CUR_AVG    CUR_SUM    DON_DAY  DON_MONTH   DON_YEAR
---------- ---------- ---------- ---------- ----------
     531.9      531.9          8          2       2019
     531.9      531.9                     2       2019
     431.7      431.7          1          3       2019
     620.8      620.8          3          3       2019
       114        114         11          3       2019
    388.83     1166.5                     3       2019
       983        983          3          4       2019
     590.2      590.2          6          4       2019
     908.4      908.4         12          4       2019
     827.2     2481.6                     4       2019
     219.2      219.2          7          7       2019

   CUR_AVG    CUR_SUM    DON_DAY  DON_MONTH   DON_YEAR
---------- ---------- ---------- ---------- ----------
      43.4       43.4          8          7       2019
     131.3      262.6                     7       2019
     242.4      242.4          7          8       2019
      21.3       21.3          9          8       2019
    131.85      263.7                     8       2019
     128.3      128.3          5          9       2019
     128.3      128.3                     9       2019
     552.1      552.1          2         10       2019
     552.1      552.1                    10       2019
     606.6      606.6          3         11       2019
     237.9      951.6          4         11       2019

   CUR_AVG    CUR_SUM    DON_DAY  DON_MONTH   DON_YEAR
---------- ---------- ---------- ---------- ----------
     536.1      536.1          7         11       2019
    349.05     2094.3                    11       2019
    535.35     2141.4         11         12       2019
    535.35     2141.4                    12       2019
     431.7      431.7          1                  2019
     552.1      552.1          2                  2019
     736.8     2210.4          3                  2019
     237.9      951.6          4                  2019
     128.3      128.3          5                  2019
    753.85     1507.7          6                  2019
    332.57      997.7          7                  2019

   CUR_AVG    CUR_SUM    DON_DAY  DON_MONTH   DON_YEAR
---------- ---------- ---------- ---------- ----------
    287.65      575.3          8                  2019
      21.3       21.3          9                  2019
    451.08     2255.4         11                  2019
     908.4      908.4         12                  2019
    439.16    10539.9                             2019
     218.9      218.9          1          1       2020
     261.3      261.3         10          1       2020
     240.1      480.2                     1       2020
     202.5      202.5          3          2       2020
     202.5      202.5                     2       2020
     319.7      319.7          7          3       2020

   CUR_AVG    CUR_SUM    DON_DAY  DON_MONTH   DON_YEAR
---------- ---------- ---------- ---------- ----------
     976.3      976.3         10          3       2020
       648       1296                     3       2020
     661.2      661.2          6          4       2020
     900.6      900.6          7          4       2020
     780.9     1561.8                     4       2020
     961.8      961.8          1          5       2020
     297.1      297.1          6          5       2020
    571.75       2287          7          5       2020
    590.98     3545.9                     5       2020
     903.5      903.5          7          6       2020
       533        533         10          6       2020

   CUR_AVG    CUR_SUM    DON_DAY  DON_MONTH   DON_YEAR
---------- ---------- ---------- ---------- ----------
    718.25     1436.5                     6       2020
     886.7      886.7          3          7       2020
     331.1      331.1          8          7       2020
    298.45     1193.8         12          7       2020
    401.93     2411.6                     7       2020
    709.95     2839.8          2          9       2020
    709.95     2839.8                     9       2020
     738.1      738.1          2         10       2020
     835.3      835.3          4         10       2020
     786.7     1573.4                    10       2020
     398.7     1594.8          1         11       2020

   CUR_AVG    CUR_SUM    DON_DAY  DON_MONTH   DON_YEAR
---------- ---------- ---------- ---------- ----------
     859.7      859.7          4         11       2020
     944.7      944.7          6         11       2020
    566.53     3399.2                    11       2020
    462.58     2775.5          1                  2020
    715.58     3577.9          2                  2020
     544.6     1089.2          3                  2020
     847.5       1695          4                  2020
    634.33       1903          6                  2020
    630.11     4410.8          7                  2020
     331.1      331.1          8                  2020
     590.2     1770.6         10                  2020

   CUR_AVG    CUR_SUM    DON_DAY  DON_MONTH   DON_YEAR
---------- ---------- ---------- ---------- ----------
    298.45     1193.8         12                  2020
    568.09    18746.9                             2020
     180.2      180.2          6          2       2021
     180.2      180.2                     2       2021
     676.4      676.4          2          3       2021
     676.4      676.4                     3       2021
     676.4      676.4          2                  2021
     180.2      180.2          6                  2021
     428.3      856.6                             2021
     218.9      218.9          1          1           
     917.5      917.5          6          1           

   CUR_AVG    CUR_SUM    DON_DAY  DON_MONTH   DON_YEAR
---------- ---------- ---------- ---------- ----------
     261.3      261.3         10          1           
     465.9     1397.7                     1           
     202.5      202.5          3          2           
     180.2      180.2          6          2           
     574.5       1149          8          2           
       683        683          9          2           
    442.94     2214.7                     2           
     431.7      431.7          1          3           
     676.4      676.4          2          3           
     620.8      620.8          3          3           
     319.7      319.7          7          3           

   CUR_AVG    CUR_SUM    DON_DAY  DON_MONTH   DON_YEAR
---------- ---------- ---------- ---------- ----------
     976.3      976.3         10          3           
       114        114         11          3           
    523.15     3138.9                     3           
       983        983          3          4           
     625.7     1251.4          6          4           
     900.6      900.6          7          4           
     680.1      680.1          9          4           
     908.4      908.4         12          4           
    787.25     4723.5                     4           
     961.8      961.8          1          5           
     297.1      297.1          6          5           

   CUR_AVG    CUR_SUM    DON_DAY  DON_MONTH   DON_YEAR
---------- ---------- ---------- ---------- ----------
    571.75       2287          7          5           
    590.98     3545.9                     5           
     903.5      903.5          7          6           
       533        533         10          6           
    718.25     1436.5                     6           
     886.7      886.7          3          7           
     219.2      219.2          7          7           
    187.25      374.5          8          7           
    732.75       2931         10          7           
    298.45     1193.8         12          7           
     467.1     5605.2                     7           

   CUR_AVG    CUR_SUM    DON_DAY  DON_MONTH   DON_YEAR
---------- ---------- ---------- ---------- ----------
     242.4      242.4          7          8           
     470.8      470.8          8          8           
      21.3       21.3          9          8           
     587.6      587.6         11          8           
    330.53     1322.1                     8           
    709.95     2839.8          2          9           
     128.3      128.3          5          9           
    593.62     2968.1                     9           
     645.1     1290.2          2         10           
     835.3      835.3          4         10           
     708.5     2125.5                    10           

   CUR_AVG    CUR_SUM    DON_DAY  DON_MONTH   DON_YEAR
---------- ---------- ---------- ---------- ----------
     398.7     1594.8          1         11           
     606.6      606.6          3         11           
    362.26     1811.3          4         11           
     944.7      944.7          6         11           
     536.1      536.1          7         11           
    457.79     5493.5                    11           
     916.3      916.3          8         12           
     902.9      902.9          9         12           
    535.35     2141.4         11         12           
     352.1      352.1         12         12           
     616.1     4312.7                    12           

   CUR_AVG    CUR_SUM    DON_DAY  DON_MONTH   DON_YEAR
---------- ---------- ---------- ---------- ----------
    458.17     3207.2          1                      
    686.63     4806.4          2                      
    659.92     3299.6          3                      
     441.1     2646.6          4                      
     128.3      128.3          5                      
    598.48     3590.9          6                      
    540.85     5408.5          7                      
     485.1     2910.6          8                      
    571.83     2287.3          9                      
    671.66     4701.6         10                      
    473.83       2843         11                      

   CUR_AVG    CUR_SUM    DON_DAY  DON_MONTH   DON_YEAR
---------- ---------- ---------- ---------- ----------
    409.05     2454.3         12                      
    539.22    38284.3                                 

178 rows selected. 